{
  "asset": {
    "version": "2.0",
    "generator": "THREE.GLTFExporter"
  },
  "scenes": [
    {
      "name": "Scene",
      "nodes": [
        80,
        81
      ]
    }
  ],
  "scene": 0,
  "nodes": [
    {
      "name": "EyeLeft",
      "extras": {
        "targetNames": [
          "mouthOpen",
          "mouthSmile"
        ],
        "name": "EyeLeft"
      },
      "mesh": 0,
      "skin": 0
    },
    {
      "name": "EyeRight",
      "extras": {
        "targetNames": [
          "mouthOpen",
          "mouthSmile"
        ],
        "name": "EyeRight"
      },
      "mesh": 1,
      "skin": 1
    },
    {
      "name": "Wolf3D_Body",
      "extras": {
        "name": "Wolf3D_Body"
      },
      "mesh": 2,
      "skin": 2
    },
    {
      "name": "Wolf3D_Facewear",
      "extras": {
        "name": "Wolf3D_Facewear"
      },
      "mesh": 3,
      "skin": 3
    },
    {
      "name": "Wolf3D_Glasses",
      "extras": {
        "name": "Wolf3D_Glasses"
      },
      "mesh": 4,
      "skin": 4
    },
    {
      "name": "Wolf3D_Hair",
      "extras": {
        "name": "Wolf3D_Hair"
      },
      "mesh": 5,
      "skin": 5
    },
    {
      "name": "Wolf3D_Head",
      "extras": {
        "targetNames": [
          "mouthOpen",
          "mouthSmile"
        ],
        "name": "Wolf3D_Head"
      },
      "mesh": 6,
      "skin": 6
    },
    {
      "name": "Wolf3D_Outfit_Bottom",
      "extras": {
        "name": "Wolf3D_Outfit_Bottom"
      },
      "mesh": 7,
      "skin": 7
    },
    {
      "name": "Wolf3D_Outfit_Footwear",
      "extras": {
        "name": "Wolf3D_Outfit_Footwear"
      },
      "mesh": 8,
      "skin": 8
    },
    {
      "name": "Wolf3D_Outfit_Top",
      "extras": {
        "name": "Wolf3D_Outfit_Top"
      },
      "mesh": 9,
      "skin": 9
    },
    {
      "name": "Wolf3D_Teeth",
      "extras": {
        "targetNames": [
          "mouthOpen",
          "mouthSmile"
        ],
        "name": "Wolf3D_Teeth"
      },
      "mesh": 10,
      "skin": 10
    },
    {
      "matrix": [
        0.9999999999996623,
        5.977453421676524e-7,
        -5.640676158298151e-7,
        0,
        -6.018043240057306e-7,
        0.9999739097370242,
        -0.0072235619723083015,
        0,
        5.597349487686749e-7,
        0.007223560680971784,
        0.9999737309277771,
        0,
        1.310402808485378e-8,
        0.2263452112674713,
        0.03732246905565262,
        1
      ],
      "name": "HeadTop_End",
      "extras": {
        "name": "HeadTop_End"
      }
    },
    {
      "matrix": [
        0.9999999999999832,
        1.1911118517236699e-7,
        -1.389942512041205e-7,
        0,
        -1.2011190065101072e-7,
        0.9999738607624897,
        -0.007222090061890623,
        0,
        1.3813036986703404e-7,
        0.00722208920096692,
        0.9999737415563067,
        0,
        0.030352694913744926,
        0.08783987164497375,
        0.0824061930179596,
        1
      ],
      "name": "LeftEye",
      "extras": {
        "name": "LeftEye"
      }
    },
    {
      "matrix": [
        0.9999999999999832,
        1.1911118931508043e-7,
        -1.3899426179445904e-7,
        0,
        -1.2011189650829757e-7,
        0.999973861199687,
        -0.007222029526320178,
        0,
        1.3813038769821707e-7,
        0.0072220286654036915,
        0.9999737419935039,
        0,
        -0.029882267117500305,
        0.08779110759496689,
        0.08240657299757004,
        1
      ],
      "name": "RightEye",
      "extras": {
        "name": "RightEye"
      }
    },
    {
      "matrix": [
        0.9999999999995108,
        -6.533675078177726e-7,
        7.425564235401956e-7,
        0,
        8.571607805042165e-7,
        0.9470729014895855,
        -0.3210181997268786,
        0,
        -4.935122141733744e-7,
        0.3210181997273581,
        0.9470729014896823,
        0,
        -9.122658184423926e-11,
        0.12263815850019455,
        -1.1712895542359547e-7,
        1
      ],
      "name": "Head",
      "extras": {
        "name": "Head"
      },
      "children": [
        11,
        12,
        13
      ]
    },
    {
      "matrix": [
        0.9999999999999659,
        2.4098869214055576e-7,
        -1.0096984449716414e-7,
        0,
        -1.8096014640727809e-7,
        0.9175259729722389,
        0.3976755676428393,
        0,
        1.8847777748977297e-7,
        -0.39767559134612124,
        0.9175260276610674,
        0,
        1.875037014542613e-9,
        0.1555749475955963,
        2.5137825332421926e-7,
        1
      ],
      "name": "Neck",
      "extras": {
        "name": "Neck"
      },
      "children": [
        14
      ]
    },
    {
      "matrix": [
        0.9944153640015613,
        -0.012478653824808644,
        -0.10479679177965652,
        0,
        0.015197587956998477,
        0.9995671840418927,
        0.02518647928368432,
        0,
        0.10443713449192618,
        -0.02663847876868531,
        0.994174551335564,
        0,
        5.960464477539063e-8,
        0.035284847021102905,
        -4.842877388000488e-8,
        1
      ],
      "name": "LeftHandThumb4",
      "extras": {
        "name": "LeftHandThumb4"
      }
    },
    {
      "matrix": [
        0.9843893688023571,
        -0.16940210118056043,
        0.04775336032172951,
        0,
        0.16843440218507677,
        0.9854294074610765,
        0.023637655058371565,
        0,
        -0.05106184271443602,
        -0.015225351425309525,
        0.9985795489937274,
        0,
        -7.450580596923828e-8,
        0.03048684634268284,
        1.30385160446167e-8,
        1
      ],
      "name": "LeftHandThumb3",
      "extras": {
        "name": "LeftHandThumb3"
      },
      "children": [
        16
      ]
    },
    {
      "matrix": [
        0.864105506620072,
        -0.489263933316854,
        0.11807835889254858,
        0,
        0.47424812878555683,
        0.8700522818180152,
        0.1345274727911475,
        0,
        -0.168553792052618,
        -0.06024749883953984,
        0.9838495111883656,
        0,
        7.543712854385376e-8,
        0.04138264060020447,
        1.6391277313232422e-7,
        1
      ],
      "name": "LeftHandThumb2",
      "extras": {
        "name": "LeftHandThumb2"
      },
      "children": [
        17
      ]
    },
    {
      "matrix": [
        0.655539131235958,
        0.7386221759136812,
        0.15718063778951818,
        0,
        -0.7452984111622759,
        0.5992778640941956,
        0.2922265356055352,
        0,
        0.12165011289089667,
        -0.30871240830514884,
        0.9433440003398463,
        0,
        -0.03235594928264618,
        0.026351764798164368,
        0.005172863602638245,
        1
      ],
      "name": "LeftHandThumb1",
      "extras": {
        "name": "LeftHandThumb1"
      },
      "children": [
        18
      ]
    },
    {
      "matrix": [
        0.9934578342038206,
        -0.009145700745671994,
        -0.11383167105241004,
        0,
        0.01931095566279609,
        0.9958869486846189,
        0.08852137579346962,
        0,
        0.11255389894669574,
        -0.09014046338271044,
        0.989548421338034,
        0,
        2.1979212760925293e-7,
        0.03383883461356163,
        1.601874828338623e-7,
        1
      ],
      "name": "LeftHandIndex4",
      "extras": {
        "name": "LeftHandIndex4"
      }
    },
    {
      "matrix": [
        0.987581892757916,
        -0.055068700444104834,
        0.1471374966810336,
        0,
        0.029446976878151666,
        0.9848403690789327,
        0.17094607605115647,
        0,
        -0.15432069731142667,
        -0.16449046536668727,
        0.9742319483308478,
        0,
        2.1606683731079102e-7,
        0.028345279395580292,
        1.6391277313232422e-7,
        1
      ],
      "name": "LeftHandIndex3",
      "extras": {
        "name": "LeftHandIndex3"
      },
      "children": [
        20
      ]
    },
    {
      "matrix": [
        0.9986165636602876,
        0.04995489080425426,
        0.016411840328180192,
        0,
        -0.05215684652481434,
        0.9806607654614357,
        0.18863755475233274,
        0,
        -0.006671080002833674,
        -0.18923258781087798,
        0.9819096317787408,
        0,
        1.9371509552001953e-7,
        0.04467847943305969,
        -8.940696716308594e-8,
        1
      ],
      "name": "LeftHandIndex2",
      "extras": {
        "name": "LeftHandIndex2"
      },
      "children": [
        21
      ]
    },
    {
      "matrix": [
        0.9845986919276746,
        0.13163627735069505,
        0.11505349842153034,
        0,
        -0.15032361524730453,
        0.9734374581696015,
        0.17269142344371502,
        0,
        -0.08926492991518309,
        -0.18732700690847282,
        0.9782332883359841,
        0,
        -0.03534671664237976,
        0.09745378792285919,
        -0.006952255964279175,
        1
      ],
      "name": "LeftHandIndex1",
      "extras": {
        "name": "LeftHandIndex1"
      },
      "children": [
        22
      ]
    },
    {
      "matrix": [
        0.9989856012535473,
        -0.0022226479013980165,
        -0.04497188919964219,
        0,
        0.004361959611473736,
        0.9988602066708014,
        0.047527921759097834,
        0,
        0.04481500339891172,
        -0.04767588641712946,
        0.9978568971366188,
        0,
        4.470348358154297e-8,
        0.03456242382526398,
        -1.1827796697616577e-7,
        1
      ],
      "name": "LeftHandMiddle4",
      "extras": {
        "name": "LeftHandMiddle4"
      }
    },
    {
      "matrix": [
        0.9951778614626732,
        -0.0944059974188951,
        0.026618258584920396,
        0,
        0.07616095655347926,
        0.914732738271598,
        0.3968162903955007,
        0,
        -0.06181043767640326,
        -0.392875562061681,
        0.9175119307392612,
        0,
        1.6391277313232422e-7,
        0.03540724515914917,
        2.682209014892578e-7,
        1
      ],
      "name": "LeftHandMiddle3",
      "extras": {
        "name": "LeftHandMiddle3"
      },
      "children": [
        24
      ]
    },
    {
      "matrix": [
        0.9960985761866963,
        0.0829052363977603,
        0.030234244210668514,
        0,
        -0.08785997223207485,
        0.9637355258632235,
        0.25198154016942864,
        0,
        -0.008247225087153587,
        -0.2536548333210657,
        0.9672596372386596,
        0,
        5.960464477539063e-8,
        0.04569798707962036,
        5.774199962615967e-8,
        1
      ],
      "name": "LeftHandMiddle2",
      "extras": {
        "name": "LeftHandMiddle2"
      },
      "children": [
        25
      ]
    },
    {
      "matrix": [
        0.9904483859241877,
        0.025095986720374424,
        0.13558180100759676,
        0,
        -0.035538211617225215,
        0.9965385107382126,
        0.07515497705773977,
        0,
        -0.13322638188054983,
        -0.07925545099253971,
        0.9879117081868759,
        0,
        -0.009199067950248718,
        0.10019727051258087,
        -0.003484591841697693,
        1
      ],
      "name": "LeftHandMiddle1",
      "extras": {
        "name": "LeftHandMiddle1"
      },
      "children": [
        26
      ]
    },
    {
      "matrix": [
        0.9989264416010971,
        0.04412808599218932,
        0.014086798580782935,
        0,
        -0.04431160626924058,
        0.9989333944391207,
        0.012992053673447981,
        0,
        -0.013498457456603587,
        -0.013602312991347844,
        0.9998162482735251,
        0,
        7.450580596923828e-9,
        0.02981320023536682,
        -2.9802322387695312e-8,
        1
      ],
      "name": "LeftHandRing4",
      "extras": {
        "name": "LeftHandRing4"
      }
    },
    {
      "matrix": [
        0.9999259042305314,
        0.0033372542919578537,
        0.011716962491849227,
        0,
        -0.004241638037864665,
        0.9969418028201716,
        0.07803007775972946,
        0,
        -0.011420723516052172,
        -0.07807399517223958,
        0.9968820890740823,
        0,
        -1.6391277313232422e-7,
        0.03616314381361008,
        -1.7136335372924805e-7,
        1
      ],
      "name": "LeftHandRing3",
      "extras": {
        "name": "LeftHandRing3"
      },
      "children": [
        28
      ]
    },
    {
      "matrix": [
        0.995269719078641,
        0.0839660986915744,
        0.04886595387987913,
        0,
        -0.09603070864951727,
        0.9264323998385023,
        0.36400687658895164,
        0,
        -0.014706769700016609,
        -0.36697767557847116,
        0.9301134929376729,
        0,
        -1.0803341865539551e-7,
        0.04189959168434143,
        2.2351741790771484e-8,
        1
      ],
      "name": "LeftHandRing2",
      "extras": {
        "name": "LeftHandRing2"
      },
      "children": [
        29
      ]
    },
    {
      "matrix": [
        0.987243344706216,
        -0.12237911144912042,
        0.10185074839669118,
        0,
        0.10829506270497935,
        0.9850606176662724,
        0.13389458644100272,
        0,
        -0.11671508183484758,
        -0.1211566284168496,
        0.9857477681242102,
        0,
        0.015421777963638306,
        0.09560397267341614,
        0.0022299587726593018,
        1
      ],
      "name": "LeftHandRing1",
      "extras": {
        "name": "LeftHandRing1"
      },
      "children": [
        30
      ]
    },
    {
      "matrix": [
        0.9778398867462694,
        0.0043358618840221,
        -0.2093089484618952,
        0,
        0.053115995129866755,
        0.9619336767070218,
        0.26807142860239574,
        0,
        0.20250365895631184,
        -0.27324860488399016,
        0.9403868699361908,
        0,
        -7.450580596923828e-8,
        0.026324238628149033,
        -1.6391277313232422e-7,
        1
      ],
      "name": "LeftHandPinky4",
      "extras": {
        "name": "LeftHandPinky4"
      }
    },
    {
      "matrix": [
        0.9994195718828943,
        0.02119936361055738,
        0.026666576684291732,
        0,
        -0.027056553313276242,
        0.9695911156775979,
        0.2432308560373488,
        0,
        -0.02069933150467078,
        -0.24381112553811862,
        0.9696016882766184,
        0,
        -2.9802322387695312e-8,
        0.022375911474227905,
        1.1920928955078125e-7,
        1
      ],
      "name": "LeftHandPinky3",
      "extras": {
        "name": "LeftHandPinky3"
      },
      "children": [
        32
      ]
    },
    {
      "matrix": [
        0.9040282411699931,
        0.06393599461296465,
        0.4226646093389204,
        0,
        -0.1663827023410689,
        0.9634098926115925,
        0.21013847195258717,
        0,
        -0.39376378414740504,
        -0.2602951450248183,
        0.8815874362356447,
        0,
        8.9290551841259e-8,
        0.02815239690244198,
        7.636845111846924e-8,
        1
      ],
      "name": "LeftHandPinky2",
      "extras": {
        "name": "LeftHandPinky2"
      },
      "children": [
        33
      ]
    },
    {
      "matrix": [
        0.9417063446546374,
        -0.31846409148551613,
        0.10848750424042979,
        0,
        0.2903305987415064,
        0.9321760711418586,
        0.21623169843044604,
        0,
        -0.16999151022655462,
        -0.17212953856175436,
        0.9702961114162612,
        0,
        0.03913126885890961,
        0.08981327712535858,
        0.010544300079345703,
        1
      ],
      "name": "LeftHandPinky1",
      "extras": {
        "name": "LeftHandPinky1"
      },
      "children": [
        34
      ]
    },
    {
      "matrix": [
        0.9963159431317018,
        -0.03338151152871861,
        -0.07899428616998883,
        0,
        0.04054089225585782,
        0.9950401300188554,
        0.0908368741321684,
        0,
        0.07557023528467606,
        -0.09370475257321031,
        0.9927279576546179,
        0,
        -1.4901161193847656e-7,
        0.25197187066078186,
        -1.0547228157520294e-7,
        1
      ],
      "name": "LeftHand",
      "extras": {
        "name": "LeftHand"
      },
      "children": [
        19,
        23,
        27,
        31,
        35
      ]
    },
    {
      "matrix": [
        0.9016914069613321,
        0.4271179937522215,
        -0.06725102957996512,
        0,
        -0.43174298706538056,
        0.8978459878786487,
        -0.0864338332138876,
        0,
        0.023463617557597016,
        0.10697179293137932,
        0.9939850977765137,
        0,
        1.862645149230957e-9,
        0.28512901067733765,
        -1.564621925354004e-7,
        1
      ],
      "name": "LeftForeArm",
      "extras": {
        "name": "LeftForeArm"
      },
      "children": [
        36
      ]
    },
    {
      "matrix": [
        0.98949813524309,
        -0.062096965762828894,
        -0.1305283365415723,
        0,
        0.14332421579970855,
        0.538675721641642,
        0.8302329078314005,
        0,
        0.01875750466394499,
        -0.8402216849398639,
        0.5419185557120456,
        0,
        -6.484333425760269e-8,
        0.11889558285474777,
        5.653128027915955e-7,
        1
      ],
      "name": "LeftArm",
      "extras": {
        "name": "LeftArm"
      },
      "children": [
        37
      ]
    },
    {
      "matrix": [
        -0.009019888859912228,
        -0.01054841353264635,
        -0.9999036492261286,
        0,
        0.999172283434703,
        -0.03975960754598873,
        -0.008593881958617544,
        0,
        -0.03966515825842798,
        -0.9991535606518056,
        0.010898343725470383,
        0,
        0.04713555797934532,
        0.14114828407764435,
        -0.006254818290472031,
        1
      ],
      "name": "LeftShoulder",
      "extras": {
        "name": "LeftShoulder"
      },
      "children": [
        38
      ]
    },
    {
      "matrix": [
        0.9944172671695787,
        0.012472063312299653,
        0.10478065114759577,
        0,
        -0.01519166257937804,
        0.9995670613939024,
        0.025197284930950643,
        0,
        -0.10442101297906677,
        -0.02664840433567727,
        0.9941760984057672,
        0,
        -1.4901161193847656e-8,
        0.03528492525219917,
        -1.341104507446289e-7,
        1
      ],
      "name": "RightHandThumb4",
      "extras": {
        "name": "RightHandThumb4"
      }
    },
    {
      "matrix": [
        0.9843877395838161,
        0.1694043283006533,
        -0.047780266459118204,
        0,
        -0.16843520912206703,
        0.9854287988074096,
        0.0236572360657486,
        0,
        0.051091688540362556,
        -0.015240014542954927,
        0.9985776792593325,
        0,
        -7.450580596923828e-8,
        0.03048655390739441,
        1.6647391021251678e-7,
        1
      ],
      "name": "RightHandThumb3",
      "extras": {
        "name": "RightHandThumb3"
      },
      "children": [
        40
      ]
    },
    {
      "matrix": [
        0.8641103597496128,
        0.48926065612016195,
        -0.11805537869497454,
        0,
        -0.4742488425489198,
        0.8700542220078489,
        0.13451282389602226,
        0,
        0.1685263903926636,
        -0.060246294673706846,
        0.9838540362180679,
        0,
        3.4278491511940956e-7,
        0.041382428258657455,
        -1.6391277313232422e-7,
        1
      ],
      "name": "RightHandThumb2",
      "extras": {
        "name": "RightHandThumb2"
      },
      "children": [
        41
      ]
    },
    {
      "matrix": [
        0.655540980390103,
        -0.7386227217749373,
        -0.15716931923915428,
        0,
        0.745294957270554,
        0.5992797783993469,
        0.2922308672861912,
        0,
        -0.12165997792317737,
        -0.30870690100290715,
        0.9433444698630256,
        0,
        0.03235601633787155,
        0.02635207772254944,
        0.00517311692237854,
        1
      ],
      "name": "RightHandThumb1",
      "extras": {
        "name": "RightHandThumb1"
      },
      "children": [
        42
      ]
    },
    {
      "matrix": [
        0.9934601722576096,
        0.009153396254709793,
        0.11381012067466062,
        0,
        -0.01931906410714896,
        0.9958850062462941,
        0.08854212958224779,
        0,
        -0.11253133151438766,
        -0.09016178435874887,
        0.9895489249075935,
        0,
        -3.725290298461914e-9,
        0.033838581293821335,
        1.2665987014770508e-7,
        1
      ],
      "name": "RightHandIndex4",
      "extras": {
        "name": "RightHandIndex4"
      }
    },
    {
      "matrix": [
        0.9875844788010474,
        0.05506794196378806,
        -0.14712043061177754,
        0,
        -0.029451569309321378,
        0.9848427725773125,
        0.17093040024259448,
        0,
        0.1543032775381802,
        -0.1644752832228835,
        0.9742372734128251,
        0,
        3.725290298461914e-8,
        0.02834577113389969,
        5.960464477539063e-8,
        1
      ],
      "name": "RightHandIndex3",
      "extras": {
        "name": "RightHandIndex3"
      },
      "children": [
        44
      ]
    },
    {
      "matrix": [
        0.9986163964447107,
        -0.0499583695300873,
        -0.016415065229374498,
        0,
        0.05216089281593767,
        0.980659900572034,
        0.18864094167337506,
        0,
        0.00667340421759728,
        -0.18923618434780373,
        0.9819090459718767,
        0,
        1.9371509552001953e-7,
        0.04467839002609253,
        -5.960464477539063e-8,
        1
      ],
      "name": "RightHandIndex2",
      "extras": {
        "name": "RightHandIndex2"
      },
      "children": [
        45
      ]
    },
    {
      "matrix": [
        0.984599399099554,
        -0.13163786556272475,
        -0.11504458132099,
        0,
        0.15032307598113182,
        0.9734383962657693,
        0.17268659142820741,
        0,
        0.08925671714976716,
        -0.18732097022026736,
        0.9782350698959318,
        0,
        0.03534650057554245,
        0.09745419025421143,
        -0.006952032446861267,
        1
      ],
      "name": "RightHandIndex1",
      "extras": {
        "name": "RightHandIndex1"
      },
      "children": [
        46
      ]
    },
    {
      "matrix": [
        0.9989849690849687,
        0.0022126673245630862,
        0.044990395737087914,
        0,
        -0.004352054401695576,
        0.9988614057680032,
        0.047509895589062955,
        0,
        -0.04483404634329262,
        -0.047657472221494496,
        0.997857160209552,
        0,
        3.91155481338501e-7,
        0.034562431275844574,
        -5.029141902923584e-8,
        1
      ],
      "name": "RightHandMiddle4",
      "extras": {
        "name": "RightHandMiddle4"
      }
    },
    {
      "matrix": [
        0.9951771824289103,
        0.09441038057568903,
        -0.026623608877905516,
        0,
        -0.07616247027993045,
        0.9147299488393166,
        0.39682256615436945,
        0,
        0.06181759528271083,
        -0.39288111347919497,
        0.9175090655450455,
        0,
        1.4901161193847656e-8,
        0.035407595336437225,
        0,
        1
      ],
      "name": "RightHandMiddle3",
      "extras": {
        "name": "RightHandMiddle3"
      },
      "children": [
        48
      ]
    },
    {
      "matrix": [
        0.9960991620470006,
        -0.08290258770709867,
        -0.03023009027702821,
        0,
        0.08785634492917963,
        0.9637351059130959,
        0.2519839374699944,
        0,
        0.008243676721128579,
        -0.25365686404526117,
        0.9672591348329054,
        0,
        2.086162567138672e-7,
        0.045697733759880066,
        -8.707866072654724e-8,
        1
      ],
      "name": "RightHandMiddle2",
      "extras": {
        "name": "RightHandMiddle2"
      },
      "children": [
        49
      ]
    },
    {
      "matrix": [
        0.9904486498279605,
        -0.025098526401867993,
        -0.13557721069012535,
        0,
        0.03553958822797001,
        0.9965386767787984,
        0.0751489556515333,
        0,
        0.13322183012159963,
        -0.07924955371666315,
        0.9879125547825015,
        0,
        0.009198978543281555,
        0.10019791126251221,
        -0.003484174609184265,
        1
      ],
      "name": "RightHandMiddle1",
      "extras": {
        "name": "RightHandMiddle1"
      },
      "children": [
        50
      ]
    },
    {
      "matrix": [
        0.9989263640635935,
        -0.04412584750747009,
        -0.014103534028399284,
        0,
        0.04430979017304766,
        0.998933285045815,
        0.013006654495696643,
        0,
        0.013514559152528874,
        -0.013617613871428777,
        0.9998159417133214,
        0,
        2.2351741790771484e-7,
        0.029812682420015335,
        -1.601874828338623e-7,
        1
      ],
      "name": "RightHandRing4",
      "extras": {
        "name": "RightHandRing4"
      }
    },
    {
      "matrix": [
        0.9999256202620084,
        -0.003339429175686817,
        -0.011730394497521186,
        0,
        0.004244951030285827,
        0.9969412611285583,
        0.07803834304564963,
        0,
        0.011433910761612917,
        -0.078082333524748,
        0.9968812846122133,
        0,
        -5.960464477539063e-8,
        0.036162491887807846,
        -7.450580596923828e-9,
        1
      ],
      "name": "RightHandRing3",
      "extras": {
        "name": "RightHandRing3"
      },
      "children": [
        52
      ]
    },
    {
      "matrix": [
        0.9952699857205286,
        -0.08396524387613753,
        -0.04885832383056191,
        0,
        0.09602705740175843,
        0.9264347348971169,
        0.36400204344673137,
        0,
        0.014700530892194585,
        -0.3669720952417531,
        0.9301157869025305,
        0,
        1.5273690223693848e-7,
        0.04190047085285187,
        -5.960464477539063e-8,
        1
      ],
      "name": "RightHandRing2",
      "extras": {
        "name": "RightHandRing2"
      },
      "children": [
        53
      ]
    },
    {
      "matrix": [
        0.9872444865275602,
        0.12237668514665902,
        -0.1018425923750114,
        0,
        -0.1082946507524131,
        0.9850617170601236,
        0.13388593788500863,
        0,
        0.11670578371671655,
        -0.12114917515945126,
        0.9857497241948135,
        0,
        -0.015421837568283081,
        0.09560441970825195,
        0.002229735255241394,
        1
      ],
      "name": "RightHandRing1",
      "extras": {
        "name": "RightHandRing1"
      },
      "children": [
        54
      ]
    },
    {
      "matrix": [
        0.9778379925439208,
        -0.004336738623134449,
        0.20931863361148936,
        0,
        -0.05311591670976478,
        0.961936112858824,
        0.2680622575095552,
        0,
        -0.2025136926868066,
        -0.27323964356719505,
        0.940387439823701,
        0,
        -5.960464477539063e-8,
        0.026324409991502762,
        7.450580596923828e-8,
        1
      ],
      "name": "RightHandPinky4",
      "extras": {
        "name": "RightHandPinky4"
      }
    },
    {
      "matrix": [
        0.9994195097642734,
        -0.021203822771804826,
        -0.026665358692101487,
        0,
        0.02706056399062392,
        0.9695909122971899,
        0.2432302360367612,
        0,
        0.020697078395438873,
        -0.24381062292903602,
        0.9696018616674805,
        0,
        1.1920928955078125e-7,
        0.022375933825969696,
        -3.427267074584961e-7,
        1
      ],
      "name": "RightHandPinky3",
      "extras": {
        "name": "RightHandPinky3"
      },
      "children": [
        56
      ]
    },
    {
      "matrix": [
        0.9040292472642051,
        -0.0639341572896781,
        -0.4226624573574183,
        0,
        0.16637997642242197,
        0.9634103550007671,
        0.21013822982812838,
        0,
        0.3937623553704956,
        -0.2602936574943727,
        0.8815884483926657,
        0,
        2.657761797308922e-7,
        0.028152190148830414,
        3.3061951398849487e-7,
        1
      ],
      "name": "RightHandPinky2",
      "extras": {
        "name": "RightHandPinky2"
      },
      "children": [
        57
      ]
    },
    {
      "matrix": [
        0.941707339048047,
        0.31846374835877,
        -0.10848103081241867,
        0,
        -0.2903325489658312,
        0.9321768500515099,
        0.21622437417929938,
        0,
        0.16998315778428186,
        -0.17212453870733135,
        0.9702983417679292,
        0,
        -0.03913164138793945,
        0.0898137092590332,
        0.010543659329414368,
        1
      ],
      "name": "RightHandPinky1",
      "extras": {
        "name": "RightHandPinky1"
      },
      "children": [
        58
      ]
    },
    {
      "matrix": [
        0.9963165187104147,
        0.0333818727074886,
        0.07898762782496405,
        0,
        -0.040541041113731136,
        0.9950396846537747,
        0.09084234172522224,
        0,
        -0.07556334140546739,
        -0.0937099718222798,
        0.9927278695951939,
        0,
        -1.1920928955078125e-7,
        0.25197210907936096,
        1.3783574104309082e-7,
        1
      ],
      "name": "RightHand",
      "extras": {
        "name": "RightHand"
      },
      "children": [
        43,
        47,
        51,
        55,
        59
      ]
    },
    {
      "matrix": [
        0.9016916409722969,
        -0.4271182991696574,
        0.0672469363148549,
        0,
        0.43174281223976435,
        0.8978461380650699,
        -0.08643322552608469,
        0,
        -0.023460187225636267,
        0.10696947846513084,
        0.9939854282288629,
        0,
        7.450580596923828e-9,
        0.28512829542160034,
        1.7136335372924805e-7,
        1
      ],
      "name": "RightForeArm",
      "extras": {
        "name": "RightForeArm"
      },
      "children": [
        60
      ]
    },
    {
      "matrix": [
        0.9894976691271932,
        0.062096071721791546,
        0.13053138183669466,
        0,
        -0.1433262371164652,
        0.5386787264185092,
        0.8302306079114443,
        0,
        -0.018760424342473048,
        -0.8402198226867144,
        0.5419213398606941,
        0,
        1.4761462807655334e-7,
        0.1188957542181015,
        -9.359791874885559e-8,
        1
      ],
      "name": "RightArm",
      "extras": {
        "name": "RightArm"
      },
      "children": [
        61
      ]
    },
    {
      "matrix": [
        -0.009020505558353875,
        0.010550487424509924,
        0.9999036721160621,
        0,
        -0.9991727916533266,
        -0.03974650338494814,
        -0.008594509081334167,
        0,
        0.039651982341595726,
        -0.9991541119380543,
        0.010900275370474333,
        0,
        -0.047135449945926666,
        0.14114797115325928,
        -0.006254822481423616,
        1
      ],
      "name": "RightShoulder",
      "extras": {
        "name": "RightShoulder"
      },
      "children": [
        62
      ]
    },
    {
      "matrix": [
        0.9999999999998217,
        2.0523307240951954e-7,
        5.608515214327774e-7,
        0,
        -2.572053475291155e-7,
        0.9955440833409852,
        0.09429728526586369,
        0,
        -5.389994276815791e-7,
        -0.09429727402487872,
        0.9955439646627575,
        0,
        -1.198259269585833e-10,
        0.12180650234222412,
        3.2541473959923906e-9,
        1
      ],
      "name": "Spine2",
      "extras": {
        "name": "Spine2"
      },
      "children": [
        15,
        39,
        63
      ]
    },
    {
      "matrix": [
        0.9999999999999708,
        1.9287704606148643e-7,
        -1.458856766680178e-7,
        0,
        -2.0186024644253755e-7,
        0.9979295711918761,
        -0.06431432885263964,
        0,
        1.3317888207633334e-7,
        0.06431433268610039,
        0.9979296306731306,
        0,
        1.325943799201923e-10,
        0.13049742579460144,
        9.135527534454013e-8,
        1
      ],
      "name": "Spine1",
      "extras": {
        "name": "Spine1"
      },
      "children": [
        64
      ]
    },
    {
      "matrix": [
        0.999999998612501,
        1.7169686440784895e-8,
        -0.00005267824627967111,
        0,
        -0.000007237229171346766,
        0.9905622562892854,
        -0.13706267958404653,
        0,
        0.00005217872917396704,
        0.1370626797751167,
        0.9905622549150056,
        0,
        9.115410648519173e-10,
        0.09847316145896912,
        -2.598437731649028e-8,
        1
      ],
      "name": "Spine",
      "extras": {
        "name": "Spine"
      },
      "children": [
        65
      ]
    },
    {
      "matrix": [
        0.02382020318966316,
        0.03493339791962896,
        -0.9991057207202653,
        0,
        -0.015635212303598267,
        0.9992800816153479,
        0.034566726955057636,
        0,
        0.9995939197943786,
        0.014797843080968489,
        0.024349244238338535,
        0,
        -5.38479071110487e-7,
        0.09907527267932892,
        6.152549758553505e-8,
        1
      ],
      "name": "LeftToe_End",
      "extras": {
        "name": "LeftToe_End"
      }
    },
    {
      "matrix": [
        0.9954831800470484,
        0.012218625183712367,
        0.09414725560794546,
        0,
        -0.0591624760987985,
        0.8554184860633989,
        0.514547295010092,
        0,
        -0.07424825717387518,
        -0.5177932546126403,
        0.8522777511880371,
        0,
        4.01865690946579e-7,
        0.1488446146249771,
        5.681067705154419e-8,
        1
      ],
      "name": "LeftToeBase",
      "extras": {
        "name": "LeftToeBase"
      },
      "children": [
        67
      ]
    },
    {
      "matrix": [
        0.9994394559968792,
        0.01960336942711957,
        -0.02713819709822478,
        0,
        0.014229868653345216,
        0.4850019193264283,
        0.8743972579833815,
        0,
        0.030303210046794,
        -0.8742932928277917,
        0.4844511010366074,
        0,
        3.380700945854187e-7,
        0.4438588321208954,
        -3.996246960014105e-7,
        1
      ],
      "name": "LeftFoot",
      "extras": {
        "name": "LeftFoot"
      },
      "children": [
        68
      ]
    },
    {
      "matrix": [
        0.9999828566652614,
        -0.005792218742520111,
        0.0008582426717076014,
        0,
        0.005843557114402706,
        0.9965128841216796,
        -0.08323559106786421,
        0,
        -0.00037313108095704593,
        0.08323915947627054,
        0.9965294101347928,
        0,
        -5.587935447692871e-9,
        0.4581736922264099,
        3.275345079600811e-7,
        1
      ],
      "name": "LeftLeg",
      "extras": {
        "name": "LeftLeg"
      },
      "children": [
        69
      ]
    },
    {
      "matrix": [
        -0.9978311545410019,
        -0.06586477030361858,
        -0.0022113879870264766,
        0,
        0.06580970325242746,
        -0.9976452375884838,
        0.019310153331757462,
        0,
        -0.0034780236701900595,
        0.019122654627749907,
        0.9998114535714453,
        0,
        0.0953437089920044,
        0.005192778538912535,
        -0.003302306402474642,
        1
      ],
      "name": "LeftUpLeg",
      "extras": {
        "name": "LeftUpLeg"
      },
      "children": [
        70
      ]
    },
    {
      "matrix": [
        0.02376258740279491,
        -0.0349319488353243,
        0.999107114759698,
        0,
        0.01563527819546877,
        0.9992799820761177,
        0.03456612541665566,
        0,
        -0.9995952018715928,
        0.014799938920957566,
        0.024291648697715797,
        0,
        5.168258212506771e-7,
        0.09907501190900803,
        6.146728992462158e-8,
        1
      ],
      "name": "RightToe_End",
      "extras": {
        "name": "RightToe_End"
      }
    },
    {
      "matrix": [
        0.9954837518537366,
        -0.012238669925391132,
        -0.09413986593094936,
        0,
        0.05917592306707463,
        0.8554168937436927,
        0.5145482454790516,
        0,
        0.07423145353088234,
        -0.5177952932515413,
        0.8522779550328429,
        0,
        -5.8673322200775146e-8,
        0.14884400367736816,
        4.0978193283081055e-8,
        1
      ],
      "name": "RightToeBase",
      "extras": {
        "name": "RightToeBase"
      },
      "children": [
        72
      ]
    },
    {
      "matrix": [
        0.9994397247115846,
        -0.019595976292579066,
        0.027138031627974468,
        0,
        -0.014233286677819257,
        0.48500257270419445,
        0.8743968673877528,
        0,
        -0.030296668329432477,
        -0.8742930193633376,
        0.4844518070976026,
        0,
        1.7229467630386353e-8,
        0.443859338760376,
        -1.2817326933145523e-7,
        1
      ],
      "name": "RightFoot",
      "extras": {
        "name": "RightFoot"
      },
      "children": [
        73
      ]
    },
    {
      "matrix": [
        0.9999827916430247,
        0.005792910107111852,
        -0.0008598841800599232,
        0,
        -0.005844383303159672,
        0.9965128269357737,
        -0.08323621392842934,
        0,
        0.000374705684649616,
        0.08323980210123672,
        0.9965294751768681,
        0,
        1.3969838619232178e-8,
        0.45817437767982483,
        -6.28642737865448e-9,
        1
      ],
      "name": "RightLeg",
      "extras": {
        "name": "RightLeg"
      },
      "children": [
        74
      ]
    },
    {
      "matrix": [
        -0.9978309838144523,
        0.06586509712247053,
        0.002320207056658404,
        0,
        -0.06580792402242429,
        -0.9976453154819176,
        0.01931725195992722,
        0,
        0.0035870597542096002,
        0.0191225754594556,
        0.999811069847677,
        0,
        -0.09534404426813126,
        0.005193017888814211,
        -0.0032923065591603518,
        1
      ],
      "name": "RightUpLeg",
      "extras": {
        "name": "RightUpLeg"
      },
      "children": [
        75
      ]
    },
    {
      "matrix": [
        0.999999998622929,
        -0.0000016976153190201838,
        0.000052452456270627595,
        0,
        -5.701611020655559e-9,
        0.9994731493982715,
        0.0324564881374757,
        0,
        -0.00005247992029419542,
        -0.03245648809307988,
        0.9994731480219163,
        0,
        0,
        1.0191901922225952,
        0.010030746459960938,
        1
      ],
      "name": "Hips",
      "extras": {
        "name": "Hips"
      },
      "children": [
        66,
        71,
        76
      ]
    },
    {
      "matrix": [
        1.4956471920013428,
        0,
        0,
        0,
        0,
        1.4956471920013428,
        0,
        0,
        0,
        0,
        1.4956471920013428,
        0,
        0.015073303133249283,
        0.08377280831336975,
        -2.8993542194366455,
        1
      ],
      "name": "Armature",
      "extras": {
        "name": "Armature"
      },
      "children": [
        0,
        1,
        2,
        3,
        4,
        5,
        6,
        7,
        8,
        9,
        10,
        77
      ]
    },
    {
      "name": "Curve",
      "extras": {
        "name": "Curve"
      },
      "mesh": 11
    },
    {
      "name": "sunflower13.gltf",
